instances:
  CO2:
    initialization:
#      alk: 2300.0     
      TA: 2300.0
#      dic: 2150.0
      c: 2200.0
#    model: pml/carbonate
    model: ersem/carbonate
#    parameters:
#      alk_param: false
#      pCO2a: 0.0
  ECO:
    coupling:
#      alk_target: CO2_alk
      alk_target: CO2_TA
#      dic_target: CO2_dic
      dic_target: CO2_c
      Om_cal_target : CO2_Om_cal
    initialization:
      ccl: 0.1
      cclchl: 0.005
      det: 0.1
      dia: 0.1
      diachl: 0.005
      dom: 3.0
      dsnk: 0.00000578703 #5.78703e-06
      fla: 0.1
      flachl: 0.005
      mesozoo: 0.01
      microzoo: 0.01
      nh4: 8.0
      no3: 1200.0
      opa: 0.1
      oxy: 300.0
      pho: 1200.0
      sed1: 113.6
      sed2: 56.65
      sed3: 82.2
      sil: 1000.0
      caco3: 0.001
      sed4: 0.12
    model: nersc_ecosmo_operational
    parameters:
      EXdet: 0.16218644594775256
      EXdom: 0.18206465359221413
      EXphy: 0.05737798064012768
      EXw: 0.0
      GrBG: 0.3
      GrZlCocco: 0.7769637253802724
      GrZlP: 1.003199804613716
      GrZlZ: 0.651520632758415
      GrZsCocco: 0.8220185363922763
      GrZsP: 1.0468512244901955
      MAXchl2nBG: 2.94
      MAXchl2nCocco: 2.909109674943266
      MAXchl2nPl: 3.0372677406785864
      MAXchl2nPs: 3.965572400772463
      MINchl2nBG: 0.265
      MINchl2nCocco: 0.265
      MINchl2nPl: 0.265
      MINchl2nPs: 0.265
      RelSEDp1: 0.15
      RelSEDp2: 0.1
      Rg: 0.312584437360757
      TctrlBG: 1.0
      TctrlDenit: 0.15
      TrefBG: 0.0
      Wa: 1.0
      aa: 0.012
      aaCocco: 0.012
      alfaBG: 0.0393
      alfaCocco: 0.027425382580523176
      alfaPl: 0.052934504493722
      alfaPs: 0.03607171783720603
      bg_growth_minimum_daily_rad: 120.0
      burialRt: 5.0e-05
      couple_co2: true
      crBotStr: 0.1
      excZl: 0.04403486599215825
      excZs: 0.08714044191386569
      frr: 0.4
      gammaZd: 0.75
      gammaZlp: 0.75
      gammaZsp: 0.75
      mBG: 0.08
      mPl: 0.031348437662825634
      mPs: 0.06365708110575044
      mZl: 0.09911600382090516
      mZs: 0.11028879619755176
      mortCocco: 0.054109459525741435
      muBG: 1.0
      muCocco: 1.144896082345527
      muPl: 1.1768269641482727
      muPs: 1.0594507779241331
      nfixation_minimum_daily_par: 35.0
      prefZlBG: 0.0
      prefZlCocco: 0.10822359868340212
      prefZlD: 0.07899416724779108
      prefZlPl: 0.6868956967859073
      prefZlPs: 0.09114418153535897
      prefZlZs: 0.12672644585969808
      prefZsBG: 0.0
      prefZsCocco: 0.6038277835378616
      prefZsD: 0.07117228080131453
      prefZsPl: 0.21789107017287904
      prefZsPs: 0.6980824230234718
      psi: 3.0
      rNH4: 0.19366425022217326
      rNH4cocco: 0.20485784370590895
      rNO3: 0.3051778650305304
      rNO3cocco: 1.2799486782560001
      rPO4: 0.032232466583701366
      rPO4cocco: 0.0014576155887900115
      rSi: 0.4587977996253693
      regenSi: 0.017778933764916446
      reminD: 0.0022363219456459377
      reminSED: 0.001
      reminSEDsi: 0.0002
      resuspRt: 25.0
      sedimRt: 5.0
      sinkBG: -1.0
      sinkBgD: 0.0
      sinkCocco: 2.0033704284845104
      sinkCoccoD: 7.529233110676893
      sinkDet: 4.235452062634495
      sinkDia: 0.0
      sinkDiaD: 3.617930677666418
      sinkFlaD: 0.8084024042854088
      sinkMesD: 6.940953984360677
      sinkMicD: 2.2238329396822882
      sinkOPAL: 5.0
      surface_deposition_nh4: 0.0
      surface_deposition_no3: 0.0
      surface_deposition_pho: 0.0
      surface_deposition_sil: 0.0
      turn_on_additional_diagnostics: true
      upliftBG: 0.1
      use_chl: true
      use_chl_in_PI_curve: true
      use_coccolithophores: true
      use_community_sinking: true
      use_cyanos: false
      zpr: 0.0
  light:
    model: gotm/light
    parameters:
      A: 0.58
      g1: 0.35
      g2: 23.0
